SplitterH.X=963.829346
SplitterH.Y=480.500000
SplitterH.Height=1137.000000
SplitterH.Width=20.000000
SplitterV.X=0.000000
SplitterV.Width=1920.000000
SplitterV.Y=562.298584
SplitterV.Height=20.000000
CameraSpeedSetting0=100
CameraSpeedScalar0=41.800011
GridSize0=10.000000
PerspectiveCameraLocX0=-41.578575
PerspectiveCameraLocY0=44.589706
PerspectiveCameraLocZ0=16.240492
PerspectiveCameraRotX0=0.000000
PerspectiveCameraRotY0=5.626338
PerspectiveCameraRotZ0=-42.930344
ShowFlag0=15
bMutiView=0
ViewMode0=1
ViewportType0=0
OrthoZoomSize=125.199951
ActiveViewportIndex=0
ScreenWidth=0
ScreenHeight=0
OrthoPivotX=20.999996
OrthoPivotY=3.649989
OrthoPivotZ=20.729990
