SplitterH.X=493.962524
SplitterH.Y=480.500000
SplitterH.Height=961.000000
SplitterH.Width=20.000000
SplitterV.X=0.000000
SplitterV.Width=984.000000
SplitterV.Y=475.258514
SplitterV.Height=20.000000
CameraSpeedSetting0=100
CameraSpeedScalar0=25.000000
GridSize0=10.000000
PerspectiveCameraLocX0=-25.500153
PerspectiveCameraLocY0=-32.685738
PerspectiveCameraLocZ0=52.883537
PerspectiveCameraRotX0=0.000000
PerspectiveCameraRotY0=47.726269
PerspectiveCameraRotZ0=54.870022
ShowFlag0=15
bMutiView=0
ViewMode0=1
ViewportType0=0
OrthoZoomSize=125.199951
ActiveViewportIndex=0
ScreenWidth=0
ScreenHeight=0
OrthoPivotX=20.999996
OrthoPivotY=3.649989
OrthoPivotZ=20.729990
