CameraSpeedSetting0=100
CameraSpeedScalar0=22.599998
PerspectiveCameraLocX0=-55.580048
GridSize0=10.000000
PerspectiveCameraLocY0=-44.946960
PerspectiveCameraLocZ0=34.521469
PerspectiveCameraRotX0=0.000000
PerspectiveCameraRotY0=16.526289
PerspectiveCameraRotZ0=36.669971
ShowFlag0=15
bMutiView=1
ViewMode0=1
ViewportType0=0
OrthoZoomSize=125.199951
ActiveViewportIndex=0
ScreenWidth=0
ScreenHeight=0
OrthoPivotX=20.999996
OrthoPivotY=3.649989
OrthoPivotZ=20.729990
