SplitterH.X=493.962646
SplitterH.Y=480.500000
SplitterH.Height=961.000000
SplitterH.Width=20.000000
SplitterV.X=0.000000
SplitterV.Width=984.000000
SplitterV.Y=475.258545
SplitterV.Height=20.000000
CameraSpeedSetting0=100
CameraSpeedScalar0=22.599998
GridSize0=10.000000
PerspectiveCameraLocX0=-51.827370
PerspectiveCameraLocY0=-43.662941
PerspectiveCameraLocZ0=32.251373
PerspectiveCameraRotX0=0.000000
PerspectiveCameraRotY0=15.926289
PerspectiveCameraRotZ0=42.070004
ShowFlag0=15
bMutiView=1
ViewMode0=1
ViewportType0=0
OrthoZoomSize=125.199951
ActiveViewportIndex=0
ScreenWidth=0
ScreenHeight=0
OrthoPivotX=20.999996
OrthoPivotY=3.649989
OrthoPivotZ=20.729990
